Using 5 bootstaps, and C = 1 

accuracy
[0.90196078 0.92727273 0.9047619  0.90594059 0.92272727]
error
[0.09803922 0.07272727 0.0952381  0.09405941 0.07727273]
recall
[0.84931507 0.85882353 0.8        0.84415584 0.8313253 ]
precision
[0.87323944 0.94805195 0.95774648 0.90277778 0.95833333]
specificity
[0.93129771 0.97037037 0.976      0.944      0.97810219]
mean accuracy
0.9125326566270072
mean error
0.08746734337299275
mean recall
0.8367239486531158
mean precision
0.9280297949312033
mean specificity
0.9599540540150112


Using 10 bootstaps, and C = 1 

accuracy
[0.91162791 0.93087558 0.91707317 0.93548387 0.90950226 0.89855072
 0.93119266 0.92093023 0.8592233  0.9408867 ]
error
[0.08837209 0.06912442 0.08292683 0.06451613 0.09049774 0.10144928
 0.06880734 0.07906977 0.1407767  0.0591133 ]
recall
[0.85185185 0.86666667 0.81818182 0.87671233 0.82022472 0.78082192
 0.88607595 0.84269663 0.85714286 0.90410959]
precision
[0.90789474 0.92857143 0.91525424 0.92753623 0.94805195 0.91935484
 0.92105263 0.96153846 0.78571429 0.92957746]
specificity
[0.94776119 0.96478873 0.96402878 0.96527778 0.96969697 0.96268657
 0.95683453 0.97619048 0.86046512 0.96153846]
mean accuracy
0.9155346405381041
mean error
0.0844653594618959
mean recall
0.8504484327141327
mean precision
0.9144546264967781
mean specificity
0.9529268604423669


Using 20 bootstaps, and C = 1 

accuracy
[0.87439614 0.92344498 0.91743119 0.91981132 0.9178744  0.89351852
 0.92307692 0.89671362 0.92270531 0.8960396  0.92753623 0.90232558
 0.93055556 0.9103139  0.91324201 0.93896714 0.90186916 0.92694064
 0.89903846 0.91509434]
error
[0.12560386 0.07655502 0.08256881 0.08018868 0.0821256  0.10648148
 0.07692308 0.10328638 0.07729469 0.1039604  0.07246377 0.09767442
 0.06944444 0.0896861  0.08675799 0.06103286 0.09813084 0.07305936
 0.10096154 0.08490566]
recall
[0.725      0.87804878 0.8313253  0.8625     0.82894737 0.91666667
 0.84337349 0.83950617 0.87058824 0.77922078 0.83333333 0.80821918
 0.91666667 0.87341772 0.78205128 0.87179487 0.88157895 0.88235294
 0.77922078 0.85333333]
precision
[0.93548387 0.92307692 0.94520548 0.92       0.94029851 0.79518072
 0.95890411 0.88311688 0.93670886 0.9375     0.95238095 0.89393939
 0.88       0.87341772 0.96825397 0.95774648 0.84810127 0.92592593
 0.9375     0.90140845]
specificity
[0.96850394 0.95275591 0.97037037 0.95454545 0.96946565 0.88194444
 0.976      0.93181818 0.95901639 0.968      0.97777778 0.95070423
 0.9375     0.93055556 0.9858156  0.97777778 0.91304348 0.95522388
 0.96946565 0.94890511]
mean accuracy
0.9125447505126841
mean error
0.08745524948731576
mean recall
0.8428572926328494
mean precision
0.9157074757367933
mean specificity
0.9539594696248859


Using 5 bootstaps, and C = 5 

accuracy
[0.90625    0.92       0.91981132 0.89371981 0.91      ]
error
[0.09375    0.08       0.08018868 0.10628019 0.09      ]
recall
[0.87804878 0.88043478 0.8961039  0.75675676 0.8       ]
precision
[0.86746988 0.92045455 0.88461538 0.93333333 0.95238095]
specificity
[0.92253521 0.94736842 0.93333333 0.96992481 0.976     ]
mean accuracy
0.9099562255036003
mean error
0.0900437744963996
mean recall
0.8422688431914306
mean precision
0.9116508190604578
mean specificity
0.9498323555367291


Using 10 bootstaps, and C = 5 

accuracy
[0.94949495 0.9266055  0.92424242 0.92592593 0.91414141 0.89671362
 0.92018779 0.90566038 0.90909091 0.92727273]
error
[0.05050505 0.0733945  0.07575758 0.07407407 0.08585859 0.10328638
 0.07981221 0.09433962 0.09090909 0.07272727]
recall
[0.88888889 0.88607595 0.89873418 0.83908046 0.87323944 0.81818182
 0.84337349 0.775      0.7875     0.88888889]
precision
[0.96969697 0.90909091 0.91025641 0.97333333 0.88571429 0.88732394
 0.94594595 0.96875    0.96923077 0.91139241]
specificity
[0.98412698 0.94964029 0.94117647 0.98449612 0.93700787 0.94117647
 0.96923077 0.98484848 0.98449612 0.94964029]
mean accuracy
0.9199335640564701
mean error
0.08006643594352993
mean recall
0.849896311290761
mean precision
0.9330734971993886
mean specificity
0.962583987700004


Using 20 bootstaps, and C = 5 

accuracy
[0.9078341  0.92195122 0.91326531 0.9138756  0.875      0.93087558
 0.90291262 0.90430622 0.92       0.91428571 0.92718447 0.91549296
 0.9468599  0.90707965 0.91509434 0.92788462 0.90566038 0.9138756
 0.92079208 0.91826923]
error
[0.0921659  0.07804878 0.08673469 0.0861244  0.125      0.06912442
 0.09708738 0.09569378 0.08       0.08571429 0.07281553 0.08450704
 0.0531401  0.09292035 0.08490566 0.07211538 0.09433962 0.0861244
 0.07920792 0.08173077]
recall
[0.82954545 0.8625     0.87179487 0.84210526 0.82222222 0.92857143
 0.85714286 0.86075949 0.875      0.86585366 0.85714286 0.79104478
 0.91666667 0.88172043 0.81395349 0.93055556 0.87671233 0.84615385
 0.86075949 0.86486486]
precision
[0.93589744 0.93243243 0.90666667 0.91428571 0.87058824 0.89655172
 0.9        0.88311688 0.875      0.91025641 0.94285714 0.92982456
 0.92957746 0.89130435 0.97222222 0.87012987 0.85333333 0.91666667
 0.93150685 0.90140845]
specificity
[0.96124031 0.96       0.94067797 0.95488722 0.91269841 0.93233083
 0.93442623 0.93076923 0.94117647 0.9453125  0.96899225 0.97260274
 0.96296296 0.92481203 0.98412698 0.92647059 0.92086331 0.95419847
 0.95934959 0.94776119]
mean accuracy
0.9151249785237507
mean error
0.08487502147624919
mean recall
0.8627534778531512
mean precision
0.9081813205667222
mean specificity
0.9467829644102647


Using 5 bootstaps, and C = 10 

accuracy
[0.95794393 0.88235294 0.93055556 0.92574257 0.94009217]
error
[0.04205607 0.11764706 0.06944444 0.07425743 0.05990783]
recall
[0.91566265 0.80722892 0.90277778 0.90410959 0.8902439 ]
precision
[0.97435897 0.89333333 0.89041096 0.89189189 0.94805195]
specificity
[0.98473282 0.9338843  0.94444444 0.9379845  0.97037037]
mean accuracy
0.9273374324243429
mean error
0.07266256757565712
mean recall
0.8840045671045917
mean precision
0.9196094213080513
mean specificity
0.9542832865773974


Using 10 bootstaps, and C = 10 

accuracy
[0.90776699 0.90909091 0.93532338 0.92990654 0.92380952 0.90950226
 0.9078341  0.93269231 0.91346154 0.91866029]
error
[0.09223301 0.09090909 0.06467662 0.07009346 0.07619048 0.09049774
 0.0921659  0.06730769 0.08653846 0.08133971]
recall
[0.87671233 0.8961039  0.90625    0.87804878 0.91666667 0.8875
 0.86585366 0.92105263 0.82926829 0.90277778]
precision
[0.86486486 0.8625     0.89230769 0.93506494 0.89534884 0.86585366
 0.8875     0.8974359  0.94444444 0.86666667]
specificity
[0.92481203 0.91666667 0.94890511 0.96212121 0.92857143 0.92198582
 0.93333333 0.93939394 0.96825397 0.9270073 ]
mean accuracy
0.9188047845393459
mean error
0.08119521546065397
mean recall
0.8880234032601727
mean precision
0.891198699653039
mean specificity
0.9371050802777697


Using 20 bootstaps, and C = 10 

accuracy
[0.9178744  0.89552239 0.93518519 0.88888889 0.91219512 0.88990826
 0.93023256 0.9321267  0.9009901  0.90640394 0.91       0.9375
 0.93532338 0.89954338 0.93264249 0.91121495 0.89150943 0.94258373
 0.9408867  0.90049751]
error
[0.0821256  0.10447761 0.06481481 0.11111111 0.08780488 0.11009174
 0.06976744 0.0678733  0.0990099  0.09359606 0.09       0.0625
 0.06467662 0.10045662 0.06735751 0.08878505 0.10849057 0.05741627
 0.0591133  0.09950249]
recall
[0.86746988 0.78666667 0.91666667 0.78571429 0.88461538 0.84337349
 0.97530864 0.94186047 0.80769231 0.80769231 0.86419753 0.89333333
 0.89473684 0.82926829 0.93421053 0.82716049 0.77941176 0.85526316
 0.89041096 0.79746835]
precision
[0.92307692 0.921875   0.91666667 0.92957746 0.88461538 0.86419753
 0.85869565 0.89010989 0.92647059 0.94029851 0.90909091 0.93055556
 0.93150685 0.89473684 0.89873418 0.93055556 0.86885246 0.98484848
 0.94202899 0.94029851]
specificity
[0.9516129  0.96031746 0.9469697  0.95934959 0.92913386 0.91851852
 0.90298507 0.92592593 0.95967742 0.968      0.94117647 0.96240602
 0.96       0.94160584 0.93162393 0.96240602 0.94444444 0.9924812
 0.96923077 0.96721311]
mean accuracy
0.9155514556166132
mean error
0.08444854438338693
mean recall
0.859126067734848
mean precision
0.9143395966833021
mean specificity
0.9497539126921504


Using 5 bootstaps, and C = 15 

accuracy
[0.94258373 0.91747573 0.9124424  0.91959799 0.92093023]
error
[0.05741627 0.08252427 0.0875576  0.08040201 0.07906977]
recall
[0.89552239 0.93055556 0.79166667 0.83333333 0.90123457]
precision
[0.92307692 0.84810127 0.93442623 0.95588235 0.8902439 ]
specificity
[0.96478873 0.91044776 0.97241379 0.97520661 0.93283582]
mean accuracy
0.9226060158068018
mean error
0.07739398419319829
mean recall
0.8704625023032984
mean precision
0.910346134757621
mean specificity
0.9511385438315229


Using 10 bootstaps, and C = 15 

accuracy
[0.92610837 0.92788462 0.9144385  0.91284404 0.92990654 0.91044776
 0.91666667 0.90686275 0.92753623 0.95939086]
error
[0.07389163 0.07211538 0.0855615  0.08715596 0.07009346 0.08955224
 0.08333333 0.09313725 0.07246377 0.04060914]
recall
[0.86046512 0.89041096 0.88059701 0.9125     0.90243902 0.83950617
 0.84883721 0.84810127 0.90789474 0.92857143]
precision
[0.96103896 0.90277778 0.88059701 0.85882353 0.91358025 0.93150685
 0.94805195 0.90540541 0.8961039  0.95588235]
specificity
[0.97435897 0.94814815 0.93333333 0.91304348 0.9469697  0.95833333
 0.96610169 0.944      0.9389313  0.97637795]
mean accuracy
0.9232086338982928
mean error
0.07679136610170728
mean recall
0.8819322927876947
mean precision
0.9153767981884948
mean specificity
0.949959790978544


Using 20 bootstaps, and C = 15 

accuracy
[0.92346939 0.92093023 0.8952381  0.88942308 0.9078341  0.92342342
 0.92118227 0.92924528 0.89767442 0.92462312 0.95588235 0.92626728
 0.90821256 0.90232558 0.9086758  0.91079812 0.92964824 0.9124424
 0.93236715 0.93      ]
error
[0.07653061 0.07906977 0.1047619  0.11057692 0.0921659  0.07657658
 0.07881773 0.07075472 0.10232558 0.07537688 0.04411765 0.07373272
 0.09178744 0.09767442 0.0913242  0.08920188 0.07035176 0.0875576
 0.06763285 0.07      ]
recall
[0.85714286 0.82894737 0.89393939 0.80519481 0.85365854 0.89010989
 0.84931507 0.84810127 0.85526316 0.84931507 0.94594595 0.89156627
 0.85185185 0.87341772 0.87654321 0.83783784 0.86111111 0.84090909
 0.90410959 0.8875    ]
precision
[0.94285714 0.94029851 0.7972973  0.88571429 0.8974359  0.92045455
 0.92537313 0.95714286 0.85526316 0.93939394 0.93333333 0.91358025
 0.90789474 0.8625     0.87654321 0.89855072 0.93939394 0.93670886
 0.90410959 0.93421053]
specificity
[0.96638655 0.97122302 0.89583333 0.9389313  0.94074074 0.94656489
 0.96153846 0.97744361 0.92086331 0.96825397 0.96153846 0.94776119
 0.94444444 0.91911765 0.92753623 0.94964029 0.96850394 0.96124031
 0.94776119 0.95833333]
mean accuracy
0.9174831442375455
mean error
0.08251685576245452
mean recall
0.8650890017624947
mean precision
0.9084027966047655
mean specificity
0.9486828111413134


Using 5 bootstaps, and C = 20 

accuracy
[0.93396226 0.925      0.90731707 0.96410256 0.92270531]
error
[0.06603774 0.075      0.09268293 0.03589744 0.07729469]
recall
[0.93670886 0.89873418 0.91549296 0.98701299 0.88888889]
precision
[0.89156627 0.91025641 0.83333333 0.92682927 0.88888889]
specificity
[0.93233083 0.94214876 0.90298507 0.94915254 0.94074074]
mean accuracy
0.9306174430867802
mean error
0.06938255691321978
mean recall
0.9253675743246077
mean precision
0.8901748331663113
mean specificity
0.9334715890277471


Using 10 bootstaps, and C = 20 

accuracy
[0.90909091 0.90140845 0.91       0.91133005 0.92344498 0.92822967
 0.96601942 0.91904762 0.91346154 0.9368932 ]
error
[0.09090909 0.09859155 0.09       0.08866995 0.07655502 0.07177033
 0.03398058 0.08095238 0.08653846 0.0631068 ]
recall
[0.82051282 0.75324675 0.78947368 0.8625     0.925      0.87209302
 0.93670886 0.89010989 0.9382716  0.89473684]
precision
[0.91428571 0.96666667 0.96774194 0.90789474 0.88095238 0.94936709
 0.97368421 0.92045455 0.85393258 0.93150685]
specificity
[0.95774648 0.98529412 0.98387097 0.94308943 0.92248062 0.96747967
 0.98425197 0.94117647 0.8976378  0.96153846]
mean accuracy
0.9218925829072925
mean error
0.07810741709270756
mean recall
0.8682653479138832
mean precision
0.9266486712403925
mean specificity
0.9544565986014554


Using 20 bootstaps, and C = 20 

accuracy
[0.88383838 0.91866029 0.89861751 0.91705069 0.87437186 0.93269231
 0.88127854 0.93236715 0.91457286 0.91747573 0.89302326 0.91943128
 0.92990654 0.93867925 0.90366972 0.93055556 0.91363636 0.9138756
 0.90954774 0.91071429]
error
[0.11616162 0.08133971 0.10138249 0.08294931 0.12562814 0.06730769
 0.11872146 0.06763285 0.08542714 0.08252427 0.10697674 0.08056872
 0.07009346 0.06132075 0.09633028 0.06944444 0.08636364 0.0861244
 0.09045226 0.08928571]
recall
[0.81609195 0.87179487 0.86486486 0.91025641 0.75609756 0.85393258
 0.84615385 0.9        0.88235294 0.85714286 0.79545455 0.78378378
 0.85185185 0.90123457 0.89772727 0.91139241 0.9125     0.88405797
 0.85245902 0.90361446]
precision
[0.91025641 0.90666667 0.84210526 0.86585366 0.92537313 0.98701299
 0.825      0.92307692 0.86956522 0.91666667 0.93333333 0.98305085
 0.95833333 0.93589744 0.86813187 0.9        0.85882353 0.85915493
 0.85245902 0.86206897]
specificity
[0.93693694 0.94656489 0.91608392 0.92086331 0.95726496 0.99159664
 0.90070922 0.95275591 0.93129771 0.95348837 0.96062992 0.99270073
 0.97744361 0.96183206 0.90769231 0.94160584 0.91428571 0.92857143
 0.93478261 0.91489362]
mean accuracy
0.9116982455476009
mean error
0.08830175445239914
mean recall
0.8626381881339409
mean precision
0.8991415093073654
mean specificity
0.9420999844068587


